*Vertices 68
0.578423671
0.358371188
0.358371188
0.358371188
0.358371188
0.320098536
0.320098536
0.358371188
0.358371188
0.358371188
0.358371188
0.358371188
0.358371188
0.358371188
0.358371188
0.358371188
0.320098536
0.358371188
0.320098536
0.358371188
0.358371188
0.320098536
0.358371188
0.358371188
0.320098536
0.358371188
0.358371188
0.358371188
0.358371188
0.320098536
0.320098536
0.320098536
0.358371188
0.358371188
0.358371188
0.320098536
0.320098536
0
0.320098536
0
0
0.320098536
0
0.320098536
0.358371188
0.320098536
0.320098536
0.320098536
0.320098536
0
0.320098536
0
0
0
0
0
0
0
0
0
0
0
0
0
0
0
0.320098536
0.578423671
